"","binno","t2d","t2u","t3","tPart","tGFd","tGFu","tSing","tOri","tExt","tThrough","divSIB","divCSIB","divRT","divBC","extProp","oriProp","extPC","oriPC","ext3t","ori3t","extC3t","oriC3t","extGF","oriGF","E2f3","O2f3","ext2f3","ori2f3","samp3t","sampRange"
"1",1,NA,NA,NA,NA,NA,NA,NA,NA,NA,NA,NA,NA,NA,NA,NA,NA,NA,NA,NA,NA,NA,NA,NA,NA,NA,NA,NA,NA,NA,NA
"2",2,NA,0,NA,NA,NA,NA,0,1,NA,NA,1,NA,1,NA,0,1,NA,NA,NA,NA,NA,NA,NA,NA,NA,NA,NA,NA,NA,NA
"3",3,NA,NA,NA,NA,NA,NA,NA,NA,NA,NA,NA,NA,NA,NA,NA,NA,NA,NA,NA,NA,NA,NA,NA,NA,NA,NA,NA,NA,NA,NA
"4",4,0,0,0,0,0,0,0,0,0,1,0,NA,1,1,0,0,0,0,NA,NA,NA,NA,NA,NA,NA,NA,NA,NA,NA,0
"5",5,NA,NA,NA,NA,NA,NA,NA,NA,NA,NA,NA,NA,NA,NA,NA,NA,NA,NA,NA,NA,NA,NA,NA,NA,NA,NA,NA,NA,NA,NA
"6",6,NA,NA,NA,NA,NA,NA,NA,NA,NA,NA,NA,NA,NA,NA,NA,NA,NA,NA,NA,NA,NA,NA,NA,NA,NA,NA,NA,NA,NA,NA
"7",7,NA,NA,NA,NA,NA,NA,NA,NA,NA,NA,NA,NA,NA,NA,NA,NA,NA,NA,NA,NA,NA,NA,NA,NA,NA,NA,NA,NA,NA,NA
"8",8,NA,NA,NA,NA,NA,NA,NA,NA,NA,NA,NA,NA,NA,NA,NA,NA,NA,NA,NA,NA,NA,NA,NA,NA,NA,NA,NA,NA,NA,NA
"9",9,0,0,0,0,0,0,12.34,9.94,0,1,22.36,NA,23.28,1,0.529785507246377,0.957010013175231,0,2.38588815365388,NA,NA,NA,NA,NA,NA,NA,NA,NA,NA,NA,0.08
"10",10,NA,NA,NA,NA,NA,NA,NA,NA,NA,NA,NA,NA,NA,NA,NA,NA,NA,NA,NA,NA,NA,NA,NA,NA,NA,NA,NA,NA,NA,NA
"11",11,0,0,0,0,0,0,0,0,0,10.94,0,NA,10.94,10.94,0,0,0,0,NA,NA,NA,NA,NA,NA,NA,NA,NA,NA,NA,0
"12",12,NA,NA,NA,NA,NA,NA,NA,NA,NA,NA,NA,NA,NA,NA,NA,NA,NA,NA,NA,NA,NA,NA,NA,NA,NA,NA,NA,NA,NA,NA
"13",13,0,0,0,0,0,0,0,0,0,10.94,0,NA,10.94,10.94,0,0,0,0,NA,NA,NA,NA,NA,NA,NA,NA,NA,NA,NA,0
"14",14,0,0,0,0,0,0,0.94,0,0,10.94,2,NA,11.88,10.94,0.0801443001443001,0.0801443001443001,0,0,NA,NA,NA,NA,NA,NA,NA,NA,NA,NA,NA,0.097538184038184
"15",15,NA,NA,NA,NA,NA,NA,NA,NA,NA,NA,NA,NA,NA,NA,NA,NA,NA,NA,NA,NA,NA,NA,NA,NA,NA,NA,NA,NA,NA,NA
"16",16,NA,NA,NA,NA,NA,NA,NA,NA,NA,NA,NA,NA,NA,NA,NA,NA,NA,NA,NA,NA,NA,NA,NA,NA,NA,NA,NA,NA,NA,NA
"17",17,0,0,0,0,0,0,10,6.86,0.7,10.24,20.18,NA,27.8,10.94,0.383331722336476,0.606404851684206,0.0666957286257848,0.516090165753454,NA,NA,NA,NA,NA,NA,NA,NA,NA,NA,NA,0.254847041847042
"18",18,NA,NA,NA,NA,NA,NA,NA,NA,NA,NA,NA,NA,NA,NA,NA,NA,NA,NA,NA,NA,NA,NA,NA,NA,NA,NA,NA,NA,NA,NA
"19",19,NA,NA,NA,NA,NA,NA,NA,NA,NA,NA,NA,NA,NA,NA,NA,NA,NA,NA,NA,NA,NA,NA,NA,NA,NA,NA,NA,NA,NA,NA
"20",20,0,0,0,0,0,0,0,0,0,17.1,0,NA,17.1,17.1,0,0,0,0,NA,NA,NA,NA,NA,NA,NA,NA,NA,NA,NA,0
"21",21,NA,NA,NA,NA,NA,NA,NA,NA,NA,NA,NA,NA,NA,NA,NA,NA,NA,NA,NA,NA,NA,NA,NA,NA,NA,NA,NA,NA,NA,NA
"22",22,NA,NA,NA,NA,NA,NA,NA,NA,NA,NA,NA,NA,NA,NA,NA,NA,NA,NA,NA,NA,NA,NA,NA,NA,NA,NA,NA,NA,NA,NA
"23",23,0,1.02,0,0,0,0,0,0.36,0,17.1,1.08,NA,17.46,17.1,0,0.0197666470096811,0,0.0205077650434615,NA,NA,NA,NA,NA,NA,NA,1,NA,NA,NA,0.0422229300627133
"24",24,1.02,24.6,0.96,0.04,0,0,22.28,46.22,1.66,15.8,79.32,41.7570861938708,85.96,17.46,0.277518775468613,0.796673699438803,0.100685751309204,1.37140141371192,0.0147478123523393,3.18459139228437,-0.444304924426127,NA,0.0144405662616655,3.17009713517437,0.05,0.957062792119314,0.0144405662616655,3.14720937916045,0.96875,0.581065054226819
"25",25,24.6,13.54,10.18,5.82,0.02,25.98,4.32,8.38,5.5,56.52,38.7,31.3137432376368,74.72,62.02,0.131392977877426,0.169671853594614,0.0933612061189621,0.138567668262448,0.887747955520953,0.289605557143162,0.246577846925661,0.276508984741745,-0.322413203842248,0.191558350387124,0,0.00406850459482038,0,0.00422618187334414,0.639527448901288,0.362730626397828
"26",26,13.54,13.78,7.62,6.82,23.1,0,9.84,6.08,6.1,58.8,36.04,35.1939699509551,80.82,64.9,0.197275018492625,0.19717344454761,0.0989026176692304,0.0989210628926625,0.580125546251759,0.596319341982981,NA,0.141852102657725,0.346676089499335,-0.601092889044186,0.0186759823685386,-0.00596240601503759,0.0198778024805701,-0.00572730833134068,0.530368724412842,0.238297485953721
"27",27,13.78,0,0,0,0,12.62,24.36,5.26,24.98,39.9,73.6,NA,94.5,64.88,0.52218529992503,0.313359576371901,0.487181772293247,0.124334848821271,NA,NA,NA,NA,0.0877345100502542,NA,0.0969539969834087,NA,0.108692002792034,NA,NA,0.47627136089267
"28",28,NA,NA,NA,NA,NA,NA,NA,NA,NA,NA,NA,NA,NA,NA,NA,NA,NA,NA,NA,NA,NA,NA,NA,NA,NA,NA,NA,NA,NA,NA
"29",29,0,0,0,0,0,0,13.08,7.36,31.24,13.92,58.26,NA,65.6,45.16,0.675971113548923,0.311728667916139,1.18679246798422,0.429757843984605,NA,NA,NA,NA,NA,NA,NA,NA,NA,NA,NA,0.472087763543646
"30",30,NA,NA,NA,NA,NA,NA,NA,NA,NA,NA,NA,NA,NA,NA,NA,NA,NA,NA,NA,NA,NA,NA,NA,NA,NA,NA,NA,NA,NA,NA
"31",31,NA,NA,NA,NA,NA,NA,NA,NA,NA,NA,NA,NA,NA,NA,NA,NA,NA,NA,NA,NA,NA,NA,NA,NA,NA,NA,NA,NA,NA,NA
"32",32,NA,NA,NA,NA,NA,NA,NA,NA,NA,NA,NA,NA,NA,NA,NA,NA,NA,NA,NA,NA,NA,NA,NA,NA,NA,NA,NA,NA,NA,NA
"33",33,NA,NA,NA,NA,NA,NA,NA,NA,NA,NA,NA,NA,NA,NA,NA,NA,NA,NA,NA,NA,NA,NA,NA,NA,NA,NA,NA,NA,NA,NA
"34",34,NA,NA,NA,NA,NA,NA,NA,NA,NA,NA,NA,NA,NA,NA,NA,NA,NA,NA,NA,NA,NA,NA,NA,NA,NA,NA,NA,NA,NA,NA
"35",35,NA,NA,NA,NA,NA,NA,NA,NA,NA,NA,NA,NA,NA,NA,NA,NA,NA,NA,NA,NA,NA,NA,NA,NA,NA,NA,NA,NA,NA,NA
"36",36,0,20.14,0,0,0,0,26.6,15.26,7.9,13.38,58.32,NA,63.14,21.28,0.546295038807716,0.662750682381429,0.475170556755884,0.772108805316454,NA,NA,NA,NA,NA,NA,NA,1,NA,NA,NA,0.642997029114676
"37",37,20.14,0,0,0,0,0,6.82,0.86,20.04,8.6,30.52,NA,36.32,28.64,0.740025862384342,0.21074813400171,1.2166255574383,0.0937748560370449,NA,NA,NA,NA,NA,NA,1,NA,NA,NA,NA,0.328589854589855
"38",38,NA,NA,NA,NA,NA,NA,NA,NA,NA,NA,NA,NA,NA,NA,NA,NA,NA,NA,NA,NA,NA,NA,NA,NA,NA,NA,NA,NA,NA,NA
"39",39,NA,NA,NA,NA,NA,NA,NA,NA,NA,NA,NA,NA,NA,NA,NA,NA,NA,NA,NA,NA,NA,NA,NA,NA,NA,NA,NA,NA,NA,NA
"40",40,NA,NA,NA,NA,NA,NA,NA,NA,NA,NA,NA,NA,NA,NA,NA,NA,NA,NA,NA,NA,NA,NA,NA,NA,NA,NA,NA,NA,NA,NA
"41",41,NA,NA,NA,NA,NA,NA,NA,NA,NA,NA,NA,NA,NA,NA,NA,NA,NA,NA,NA,NA,NA,NA,NA,NA,NA,NA,NA,NA,NA,NA
"42",42,NA,NA,NA,NA,NA,NA,NA,NA,NA,NA,NA,NA,NA,NA,NA,NA,NA,NA,NA,NA,NA,NA,NA,NA,NA,NA,NA,NA,NA,NA
"43",43,0,0,0,0,0,0,0.02,0.56,0,9.46,1.02,NA,10.04,9.46,0.00125,0.058014874014874,0,0.0600474165143643,NA,NA,NA,NA,NA,NA,NA,NA,NA,NA,NA,0.0469090909090909
"44",44,NA,NA,NA,NA,NA,NA,NA,NA,NA,NA,NA,NA,NA,NA,NA,NA,NA,NA,NA,NA,NA,NA,NA,NA,NA,NA,NA,NA,NA,NA
"45",45,0,0,0,0,0.06,0,0,0,0,10.02,0,NA,10.02,10.02,0,0,0,0,NA,NA,NA,NA,NA,NA,NA,NA,NA,NA,NA,0
"46",46,0,21.64,0,0,0,0,6.58,22.22,1,9.02,32.5,NA,38.82,10.02,0.195173551703736,0.743101892654445,0.109069198917437,1.26198247281309,NA,NA,NA,NA,NA,NA,NA,1,NA,NA,NA,0.300465256965257
"47",47,21.64,12.5,8.08,2.2,0,0.54,19.32,8.96,8.88,22.36,51.2,33.754423440583,59.52,31.24,0.47379391717369,0.473783551154097,0.33703954379305,0.336872717459575,0.998626229200509,0.436058524637005,0.837697488931487,NA,0.797889444017178,0.356904731882668,0.468982691060952,0.15586525505798,0.646386006154808,0.182115178336267,0.788129537129537,0.63043425575337
"48",48,12.5,9.44,5.62,0.94,0.38,1.74,11.76,4.62,6.62,24.7,33.38,20.2265280398306,47.7,31.32,0.384688028031638,0.343184709077805,0.237513643442798,0.171479693518181,0.805480335507955,0.532589135339836,0.47783159227889,0.284932414132844,0.479112293823238,0.408392845698966,0.348561356084576,0.280064158064158,0.457417943816252,0.345098006449426,0.860119047619048,0.42219272117805
"49",49,9.44,5.14,4.14,1.54,1.34,0,1.86,0.8,4.06,25.26,13.2,9.50810381707955,31.98,29.32,0.184618640123201,0.0819598321046473,0.150024198436118,0.0307945948468701,0.846783561055152,0.218440018908575,NA,0.0575112786395522,0.66887528505905,-0.0558724917865547,0.343616938616939,-0.0218492063492063,0.443622762861059,-0.0176733100911616,0.737142857142857,0.25842394855726
"50",50,5.14,0,0,0,0,0,3.96,0.36,4.22,21.84,13.46,NA,30.38,26.06,0.270520339011942,0.143498363318038,0.177774139554921,0.0163968050169465,NA,NA,NA,NA,NA,NA,1,NA,NA,NA,NA,0.227485035284234
"51",51,0,0,0,0,0,2.66,1,0,0,22.2,1,NA,23.2,22.2,0.0437342828683943,0.0437342828683943,0,0,NA,NA,NA,NA,NA,NA,NA,NA,NA,NA,NA,0
"52",52,0,0,0,0,2.66,0,0,0,0,22.2,0,NA,22.2,22.2,0,0,0,0,NA,NA,NA,NA,NA,NA,NA,NA,NA,NA,NA,0
"53",53,0,9.36,0,0,0,0,4.68,6.54,1.48,20.72,21.16,NA,33.42,22.2,0.183824128678731,0.336056927928216,0.0685381709447346,0.276637749814817,NA,NA,NA,NA,NA,NA,NA,1,NA,NA,NA,0.410082497194255
"54",54,9.36,4.56,3.54,1.74,0,6.56,4.24,3.64,2.24,25.02,19.38,15.6208195845165,35.14,27.26,0.184711272832542,0.224275921995064,0.0863595880259625,0.136783866162953,1.02251076706817,0.271155461065984,0.0645928803659429,NA,-0.0616318913438499,0.185665272852963,-0.00073115773115773,0.0352619047619048,0.00327170904097498,0.0432919870004028,0.673333333333333,0.371876107635581
"55",55,4.56,10.54,3.98,5.76,3.28,1.48,6.04,6.76,1,27.66,20.34,28.6256744253823,41.46,28.66,0.168806815945938,0.308383201924492,0.0353582844523831,0.219681636235297,0.172858887934436,1.03896282580294,-0.206469040223571,0.613616400798064,-0.086420486965961,0.227550269852882,-0.0868470418470418,0.178236370011138,-0.0797108699031949,0.204942604283755,0.409971028971029,0.237292549928898
"56",56,10.54,12.52,5.18,2.18,4.28,0.62,14.56,3.76,13.24,21.18,42.12,31.8687153630578,52.74,34.42,0.52747926824911,0.347083919794814,0.487683633275583,0.162695089444156,0.745325985861654,0.923180398634549,0.495132164716048,-0.0347374880676757,0.474140687217252,0.237359746929798,0.271813136038368,0.151514496081834,0.335016920245982,0.174673560530009,0.697934343434343,0.499826305125753
"57",57,12.52,9.2,3.7,0.94,1.08,2.44,9.94,4.94,11.72,13.22,33.52,22.7398016420904,39.82,24.94,0.543850330821477,0.374524340864804,0.641196510647002,0.32461496034357,1.30405828907406,0.993440789306853,0.349317927459837,0.614112861148846,0.655567233760962,0.597610626643232,0.444536270918624,0.381318514818515,0.613497459731709,0.514958605551263,0.801619047619048,0.531321263703617
"58",58,9.2,3.62,1.48,2.44,0.98,0,6.7,1.56,8.82,9.34,20.06,28.0703075093116,26.42,18.16,0.586928980088988,0.310023436278309,0.674338673747457,0.157546096479737,1.80663837253189,0.833516992564867,1.89438367136554,0.607147767874986,1.13206961301375,0.226032797345308,0.45818475968476,0.147293650793651,0.664604251362328,0.184036152718757,0.385333333333333,0.318038406038406
"59",59,3.62,0.62,0.52,0.12,0,1.82,1.04,0.28,5.14,5.76,9.22,4.79987404126918,12.22,10.9,0.503375985125985,0.10909040959041,0.642417611208272,0.0488900247030592,1.24807572913162,0,0.250924200203748,-0.998577424517997,0.435035134814955,0,0.297761904761905,0.135135135135135,0.423527851916884,0,0.8125,0.486531746031746
"60",60,0.62,0.3,0.28,1.74,0.64,0,0.22,0,0.48,5.56,1,1.30351156681968,6.26,6.04,0.114690476190476,0.0327857142857143,0.0900618978415012,0,0,0,NA,0,0.166129128858152,-0.264375782177017,0.0208333333333333,-0.171985815602837,0,-0.132754322094028,0.122340425531915,0.050031746031746
"61",61,0.3,0,0,0,0,0,0.16,0,2.3,3.26,3.26,NA,5.72,5.56,0.429968253968254,0.0293809523809524,0.543583694238224,0,NA,NA,NA,NA,NA,NA,1,NA,NA,NA,NA,0.254666666666667
"62",62,NA,NA,NA,NA,NA,NA,NA,NA,NA,NA,NA,NA,NA,NA,NA,NA,NA,NA,NA,NA,NA,NA,NA,NA,NA,NA,NA,NA,NA,NA
"63",63,NA,NA,NA,NA,NA,NA,NA,NA,NA,NA,NA,NA,NA,NA,NA,NA,NA,NA,NA,NA,NA,NA,NA,NA,NA,NA,NA,NA,NA,NA
"64",64,NA,NA,NA,NA,NA,NA,NA,NA,NA,NA,NA,NA,NA,NA,NA,NA,NA,NA,NA,NA,NA,NA,NA,NA,NA,NA,NA,NA,NA,NA
"65",65,NA,NA,NA,NA,NA,NA,NA,NA,NA,NA,NA,NA,NA,NA,NA,NA,NA,NA,NA,NA,NA,NA,NA,NA,NA,NA,NA,NA,NA,NA
"66",66,0,0.82,0,0,0,0,0.14,0.74,0.32,2.94,2.1,NA,4.14,3.26,0.112,0.216666666666667,0.0986734850592026,0.220338965646952,NA,NA,NA,NA,NA,NA,NA,1,NA,NA,NA,0.321666666666667
"67",67,0.82,0,0,0,0,0.62,4.42,0.82,0.46,3.22,7.26,NA,8.92,3.68,0.551024531024531,0.583068542568543,0.153876809104027,0.220162798000868,NA,NA,NA,NA,0,NA,0.439024390243902,NA,0,NA,NA,0.516
"68",68,0,0,0,0.52,0.62,0,0,0,0,4.04,0,NA,4.04,4.04,0,0,0,0,NA,NA,NA,NA,0,-0.396899842736334,0,-0.565217391304348,0,-0.396899842736334,0,0
"69",69,0,0,0,0,0,0,14.56,0.92,1.34,2.7,17.38,NA,19.52,4.04,0.815461988304094,0.794499582289056,0.416102768470838,0.325511443355103,NA,NA,NA,NA,NA,NA,NA,NA,NA,NA,NA,0.186666666666667
"70",70,NA,NA,NA,NA,NA,NA,NA,NA,NA,NA,NA,NA,NA,NA,NA,NA,NA,NA,NA,NA,NA,NA,NA,NA,NA,NA,NA,NA,NA,NA
"71",71,0,1.38,0,0,0,0,2.52,0.98,0.16,3.46,4.86,NA,7.12,3.62,0.376932178932179,0.495440836940837,0.0411145003012504,0.243265638499503,NA,NA,NA,NA,NA,NA,NA,1,NA,NA,NA,0.37
"72",72,1.38,0,0,0,0,0,1.02,0,0.72,3.72,2.42,NA,5.46,4.44,0.316690476190476,0.182428571428571,0.177481122353704,0,NA,NA,NA,NA,NA,NA,1,NA,NA,NA,NA,0.210666666666667
"73",73,NA,NA,NA,NA,NA,NA,NA,NA,NA,NA,NA,NA,NA,NA,NA,NA,NA,NA,NA,NA,NA,NA,NA,NA,NA,NA,NA,NA,NA,NA
"74",74,NA,NA,NA,NA,NA,NA,NA,NA,NA,NA,NA,NA,NA,NA,NA,NA,NA,NA,NA,NA,NA,NA,NA,NA,NA,NA,NA,NA,NA,NA
"75",75,0,0,0,0,0,0,7.04,1.22,1.62,2.1,10.1,NA,11.98,3.72,0.725757575757576,0.691596736596737,0.617246389215906,0.478500723878233,NA,NA,NA,NA,NA,NA,NA,NA,NA,NA,NA,0.0766666666666667
"76",76,NA,NA,NA,NA,NA,NA,NA,NA,NA,NA,NA,NA,NA,NA,NA,NA,NA,NA,NA,NA,NA,NA,NA,NA,NA,NA,NA,NA,NA,NA
"77",77,NA,NA,NA,NA,NA,NA,NA,NA,NA,NA,NA,NA,NA,NA,NA,NA,NA,NA,NA,NA,NA,NA,NA,NA,NA,NA,NA,NA,NA,NA
"78",78,NA,NA,NA,NA,NA,NA,NA,NA,NA,NA,NA,NA,NA,NA,NA,NA,NA,NA,NA,NA,NA,NA,NA,NA,NA,NA,NA,NA,NA,NA
"79",79,NA,NA,NA,NA,NA,NA,NA,NA,NA,NA,NA,NA,NA,NA,NA,NA,NA,NA,NA,NA,NA,NA,NA,NA,NA,NA,NA,NA,NA,NA
"80",80,0,0.14,0,0,0,0,2.26,1.5,1.02,2.3,4.92,NA,7.08,3.32,0.462198412698413,0.533166666666667,0.380146777909494,0.546369880069593,NA,NA,NA,NA,NA,NA,NA,1,NA,NA,NA,0.0566666666666667
"81",81,0.14,0.92,0.14,0,0,0,0.08,0,0,3.8,1,0.510386498622955,3.88,3.8,0.0166666666666667,0.0166666666666667,0,0,0,0,NA,NA,0,0,0,0.847826086956522,0,0,1,0.262333333333333
"82",82,0.92,0,0,0,0,0,0,0,1,2.8,1,NA,3.8,3.8,0.284333333333333,0,0.343137047327865,0,NA,NA,NA,NA,NA,NA,1,NA,NA,NA,NA,0
"83",83,NA,NA,NA,NA,NA,NA,NA,NA,NA,NA,NA,NA,NA,NA,NA,NA,NA,NA,NA,NA,NA,NA,NA,NA,NA,NA,NA,NA,NA,NA
"84",84,NA,NA,NA,NA,NA,NA,NA,NA,NA,NA,NA,NA,NA,NA,NA,NA,NA,NA,NA,NA,NA,NA,NA,NA,NA,NA,NA,NA,NA,NA
"85",85,NA,NA,NA,NA,NA,NA,NA,NA,NA,NA,NA,NA,NA,NA,NA,NA,NA,NA,NA,NA,NA,NA,NA,NA,NA,NA,NA,NA,NA,NA
"86",86,NA,NA,NA,NA,NA,NA,NA,NA,NA,NA,NA,NA,NA,NA,NA,NA,NA,NA,NA,NA,NA,NA,NA,NA,NA,NA,NA,NA,NA,NA
"87",87,0,0,0,0,0,0,14.28,0,2.08,0.72,16.36,NA,17.08,2.8,0.958256130522384,0.833875734344775,1.09621174115612,0,NA,NA,NA,NA,NA,NA,NA,NA,NA,NA,NA,0
"88",88,NA,NA,NA,NA,NA,NA,NA,NA,NA,NA,NA,NA,NA,NA,NA,NA,NA,NA,NA,NA,NA,NA,NA,NA,NA,NA,NA,NA,NA,NA
"89",89,NA,NA,NA,NA,NA,NA,NA,NA,NA,NA,NA,NA,NA,NA,NA,NA,NA,NA,NA,NA,NA,NA,NA,NA,NA,NA,NA,NA,NA,NA
"90",90,NA,NA,NA,NA,NA,NA,NA,NA,NA,NA,NA,NA,NA,NA,NA,NA,NA,NA,NA,NA,NA,NA,NA,NA,NA,NA,NA,NA,NA,NA
"91",91,0,0,0,0,0,0,0,0,0,0.72,0,NA,0.72,0.72,0,0,0,0,NA,NA,NA,NA,NA,NA,NA,NA,NA,NA,NA,0
"92",92,0,0,0,0,0,0,0,0,0,0.72,0,NA,0.72,0.72,0,0,0,0,NA,NA,NA,NA,NA,NA,NA,NA,NA,NA,NA,0
"93",93,0,0,0,0,0,0,0,0,0,0.72,0,NA,0.72,0.72,0,0,0,0,NA,NA,NA,NA,NA,NA,NA,NA,NA,NA,NA,0
"94",94,NA,NA,NA,NA,NA,NA,NA,NA,NA,NA,NA,NA,NA,NA,NA,NA,NA,NA,NA,NA,NA,NA,NA,NA,NA,NA,NA,NA,NA,NA
"95",95,0,0,0,0,0,0,7.74,3.56,0.18,0.54,11.76,NA,12.02,0.72,0.653962081777871,0.93883614630983,0.0533190138892266,1.51956837218527,NA,NA,NA,NA,NA,NA,NA,NA,NA,NA,NA,0.519230769230769
"96",96,0,0,0,3.16,0,0.68,0,0,0,4.1,0,NA,4.1,4.1,0,0,0,0,NA,NA,NA,NA,-0.210070059208799,0,-0.196938775510204,0,-0.159357678600881,0,0,0
"97",97,0,30.12,0,0,1.48,0,46.26,29.78,2.46,1.64,79.36,NA,80.14,4.1,0.606918969896027,0.948988601503042,0.868497770396358,2.91839432914108,NA,NA,NA,NA,NA,2.93902515766365,NA,0.95108336184555,NA,2.93902515766365,NA,0.513888888888889
"98",98,30.12,8,6.34,0.52,0,NA,29.02,1.62,24.46,6.96,61.48,34.3135822854547,62.06,31.42,0.86117341221668,0.493117813654774,1.523669545564,0.216415604716912,1.57876076468113,0.240513321555425,NA,NA,NA,0.225416195106576,NA,0.144276334776335,NA,0.173180467737109,0.927349206349206,0.920166666666667
"99",99,8,NA,NA,NA,NA,NA,1.58,NA,8.58,NA,10.16,NA,10.16,8.58,1,0.152862914862915,NA,NA,NA,NA,NA,NA,NA,NA,NA,NA,NA,NA,NA,NA
"100",100,NA,NA,NA,NA,NA,NA,NA,NA,NA,NA,NA,NA,NA,NA,NA,NA,NA,NA,NA,NA,NA,NA,NA,NA,NA,NA,NA,NA,NA,NA
